
Just another DCPU implementation.
Language: Java
Inspiration: https://github.com/swetland/dcpu16
           : http://0x10c.com/
           : http://0x10c.com/doc/dcpu-16.txt

>> TODO <<
 - Unit tests
 - A lot of funny stuff ^.^

gz Miah

============================================

Output of the test program

run:
|__PC__|__SP__|__OV__|_SKIP_|__A___|__B___|__C___|__X___|__Y___|__Z___|__I___|__J___|||_OP_|_A__|_B__|
| 0000 | 0000 | 0000 | 0000 | 0000 | 0000 | 0000 | 0000 | 0000 | 0000 | 0000 | 0000 ||| 01 | 00 | 1E |
| 0002 | 0000 | 0000 | 0000 | 0001 | 0000 | 0000 | 0000 | 0000 | 0000 | 0000 | 0000 ||| 01 | 01 | 1E |
| 0004 | 0000 | 0000 | 0000 | 0001 | 0006 | 0000 | 0000 | 0000 | 0000 | 0000 | 0000 ||| 01 | 02 | 1E |
| 0006 | 0000 | 0000 | 0000 | 0001 | 0006 | 0002 | 0000 | 0000 | 0000 | 0000 | 0000 ||| 02 | 07 | 00 |
| 0007 | 0000 | 0000 | 0000 | 0001 | 0006 | 0002 | 0000 | 0000 | 0000 | 0000 | 0001 ||| 0D | 07 | 02 |
| 0008 | 0000 | 0000 | 0000 | 0001 | 0006 | 0002 | 0000 | 0000 | 0000 | 0000 | 0001 ||| 01 | 1C | 01 |
| 0006 | 0000 | 0000 | 0000 | 0001 | 0006 | 0002 | 0000 | 0000 | 0000 | 0000 | 0001 ||| 02 | 07 | 00 |
| 0007 | 0000 | 0000 | 0000 | 0001 | 0006 | 0002 | 0000 | 0000 | 0000 | 0000 | 0002 ||| 0D | 07 | 02 |
| 0008 | 0000 | 0000 | 0001 | 0001 | 0006 | 0002 | 0000 | 0000 | 0000 | 0000 | 0002 ||| 01 | 1C | 01 |
| 0009 | 0000 | 0000 | 0000 | 0001 | 0006 | 0002 | 0000 | 0000 | 0000 | 0000 | 0002 ||| 00 | 00 | 00 |
BUILD SUCCESSFUL (total time: 0 seconds)

